educ,cigpric,white,age,income,cigs,restaurn,lincome,agesq,lcigpric
16,60.5060005187988,1,46,20000,0,0,9.90348720550537,2116,4.10274267196655
16,57.882999420166,1,40,30000,0,0,10.308952331543,1600,4.05842351913452
12,57.6640014648438,1,58,30000,3,0,10.308952331543,3364,4.05463314056397
13.5,57.882999420166,1,30,20000,0,0,9.90348720550537,900,4.05842351913452
10,58.3199996948242,1,17,20000,0,0,9.90348720550537,289,4.06594514846802
6,59.3400001525879,1,86,6500,0,0,8.77955722808838,7396,4.08328342437744
12,57.882999420166,1,35,20000,0,0,9.90348720550537,1225,4.05842351913452
15,57.882999420166,1,48,30000,0,0,10.308952331543,2304,4.05842351913452
12,59.1949996948242,1,48,20000,0,0,9.90348720550537,2304,4.08083724975586
12,58.0279998779297,1,31,20000,0,0,9.90348720550537,961,4.06092548370361
13.5,57.882999420166,1,27,30000,10,0,10.308952331543,729,4.05842351913452
12,60.2879981994629,1,24,20000,20,0,9.90348720550537,576,4.09913301467896
10,57.882999420166,1,71,8500,30,0,9.04782104492188,5041,4.05842351913452
6,58.0279998779297,1,44,30000,0,0,10.308952331543,1936,4.06092548370361
16,60.7459983825684,1,22,30000,0,0,10.308952331543,484,4.10670137405396
12,60.0709991455078,1,29,20000,20,0,9.90348720550537,841,4.09552717208862
12,60.2820014953613,1,33,20000,0,0,9.90348720550537,1089,4.09903335571289
12,60.7039985656738,1,34,20000,30,0,9.90348720550537,1156,4.1060094833374
13.5,59.8600006103516,1,30,8500,0,0,9.04782104492188,900,4.09200859069824
10,60.3240013122559,0,48,30000,20,0,10.308952331543,2304,4.09973001480103
6,59.0449981689453,1,61,5500,0,0,8.61250305175781,3721,4.07829999923706
18,60.2939987182617,1,49,30000,0,0,10.308952331543,2401,4.09923267364502
12,59.0449981689453,1,33,20000,0,0,9.90348720550537,1089,4.07829999923706
16,60.6319999694824,1,24,30000,0,1,10.308952331543,576,4.10482263565064
16,61.7439994812012,1,36,30000,0,1,10.308952331543,1296,4.12299680709839
15,60.8619995117188,1,39,20000,12,1,9.90348720550537,1521,4.10860919952393
18,61.3989982604981,1,38,30000,0,1,10.308952331543,1444,4.11739349365234
12,60.8230018615723,1,29,30000,30,1,10.308952331543,841,4.10796785354614
18,62.0120010375977,1,23,12500,0,1,9.43348407745361,529,4.12732791900635
16,61.3219985961914,0,51,20000,0,1,9.90348720550537,2601,4.11613845825195
13.5,62.0890007019043,1,28,20000,0,1,9.90348720550537,784,4.12856864929199
10,61.0149993896484,1,47,12500,30,1,9.43348407745361,2209,4.11111974716187
10,62.4889984130859,1,80,12500,0,1,9.43348407745361,6400,4.13499069213867
10,61.6669998168945,1,62,30000,2,1,10.308952331543,3844,4.12174892425537
10,62.0120010375977,1,51,12500,0,1,9.43348407745361,2601,4.12732791900635
10,61.6669998168945,1,51,20000,35,1,9.90348720550537,2601,4.12174892425537
12,61.0530014038086,1,69,12500,0,1,9.43348407745361,4761,4.11174249649048
12,61.0919990539551,1,28,8500,0,1,9.04782104492188,784,4.11238098144531
18,61.9739990234375,1,38,20000,0,1,9.90348720550537,1444,4.1267147064209
15,61.1679992675781,1,30,30000,0,1,10.308952331543,900,4.11362409591675
18,60.8619995117188,1,32,30000,25,1,10.308952331543,1024,4.10860919952393
8,61.6290016174316,0,71,12500,0,1,9.43348407745361,5041,4.12113237380981
10,62.4889984130859,1,18,20000,0,1,9.90348720550537,324,4.13499069213867
13.5,62.0890007019043,1,26,8500,15,1,9.04782104492188,676,4.12856864929199
10,61.7439994812012,1,30,20000,20,1,9.90348720550537,900,4.12299680709839
12,60.6699981689453,1,19,3500,0,1,8.16051864624023,361,4.10544919967651
12,61.1679992675781,1,19,6500,20,1,8.77955722808838,361,4.11362409591675
13.5,61.2449989318848,1,21,1500,0,1,7.31322050094605,441,4.11488199234009
16,62.0890007019043,1,44,20000,0,1,9.90348720550537,1936,4.12856864929199
10,60.5550003051758,1,69,30000,30,1,10.308952331543,4761,4.10355186462402
16,60.5550003051758,1,53,20000,0,1,9.90348720550537,2809,4.10355186462402
8,62.2410011291504,1,53,12500,20,1,9.43348407745361,2809,4.13101387023926
6,61.7050018310547,1,38,6500,10,1,8.77955722808838,1444,4.12236499786377
10,60.5550003051758,1,49,30000,20,1,10.308952331543,2401,4.10355186462402
18,61.4370002746582,1,24,20000,0,1,9.90348720550537,576,4.11801242828369
16,61.3219985961914,1,57,8500,0,1,9.04782104492188,3249,4.11613845825195
15,61.1679992675781,1,28,20000,0,1,9.90348720550537,784,4.11362409591675
12,61.2070007324219,1,32,20000,20,1,9.90348720550537,1024,4.11426162719727
13.5,60.8230018615723,1,55,20000,0,1,9.90348720550537,3025,4.10796785354614
13.5,60.6319999694824,1,47,30000,0,1,10.308952331543,2209,4.10482263565064
13.5,60.7849998474121,1,26,20000,0,1,9.90348720550537,676,4.1073431968689
10,60.5550003051758,1,26,6500,20,1,8.77955722808838,676,4.10355186462402
16,60.7080001831055,0,61,30000,0,1,10.308952331543,3721,4.10607528686523
10,60.6699981689453,1,48,20000,0,1,9.90348720550537,2304,4.10544919967651
18,62.7360000610352,1,32,30000,0,1,10.308952331543,1024,4.13893556594849
16,62.0890007019043,1,29,12500,0,1,9.43348407745361,841,4.12856864929199
18,62.5709991455078,0,47,30000,0,1,10.308952331543,2209,4.13630199432373
10,60.7080001831055,0,62,20000,0,1,9.90348720550537,3844,4.10607528686523
16,62.1590003967285,0,30,8500,0,1,9.04782104492188,900,4.12969541549683
13.5,61.6669998168945,1,21,20000,0,1,9.90348720550537,441,4.12174892425537
12,61.2070007324219,1,28,2500,0,1,7.82404613494873,784,4.11426162719727
12,61.0530014038086,1,50,30000,20,1,10.308952331543,2500,4.11174249649048
12,61.4749984741211,1,69,6500,0,1,8.77955722808838,4761,4.11863040924072
13.5,61.6290016174316,1,37,20000,60,1,9.90348720550537,1369,4.12113237380981
12,61.7439994812012,0,40,30000,20,1,10.308952331543,1600,4.12299680709839
6,61.4370002746582,1,47,20000,3,1,9.90348720550537,2209,4.11801242828369
10,61.9360008239746,1,78,2500,0,1,7.82404613494873,6084,4.12610149383545
18,61.7439994812012,1,38,30000,0,1,10.308952331543,1444,4.12299680709839
13.5,62.4889984130859,1,25,30000,0,1,10.308952331543,625,4.13499069213867
12,61.3219985961914,1,67,8500,0,1,9.04782104492188,4489,4.11613845825195
13.5,60.9000015258789,1,50,30000,12,1,10.308952331543,2500,4.10923337936401
13.5,61.5519981384277,1,47,30000,0,1,10.308952331543,2209,4.11988210678101
8,62.4889984130859,1,76,6500,0,1,8.77955722808838,5776,4.13499069213867
8,60.7849998474121,1,28,30000,0,1,10.308952331543,784,4.1073431968689
12,61.5139999389649,0,32,20000,0,1,9.90348720550537,1024,4.11926460266113
12,61.8969993591309,0,28,20000,0,1,9.90348720550537,784,4.12547159194946
12,61.1679992675781,1,53,30000,20,1,10.308952331543,2809,4.11362409591675
12,60.8230018615723,1,57,20000,0,1,9.90348720550537,3249,4.10796785354614
18,61.5900001525879,1,42,30000,0,1,10.308952331543,1764,4.12049961090088
15,61.0919990539551,1,49,12500,0,1,9.43348407745361,2401,4.11238098144531
18,61.7820014953613,1,31,20000,25,1,9.90348720550537,961,4.12361192703247
12,61.4370002746582,1,20,8500,0,1,9.04782104492188,400,4.11801242828369
18,61.8969993591309,1,45,20000,40,1,9.90348720550537,2025,4.12547159194946
18,60.5550003051758,0,63,30000,0,1,10.308952331543,3969,4.10355186462402
15,61.7050018310547,1,61,30000,0,1,10.308952331543,3721,4.12236499786377
13.5,61.859001159668,0,35,12500,30,1,9.43348407745361,1225,4.1248574256897
6,61.7050018310547,1,59,12500,0,1,9.43348407745361,3481,4.12236499786377
10,62.6539993286133,0,17,8500,0,1,9.04782104492188,289,4.13762760162354
18,62.7360000610352,1,38,30000,0,1,10.308952331543,1444,4.13893556594849
13.5,61.2449989318848,1,41,30000,0,1,10.308952331543,1681,4.11488199234009
12,61.8969993591309,1,35,30000,0,1,10.308952331543,1225,4.12547159194946
12,61.5900001525879,0,40,30000,0,1,10.308952331543,1600,4.12049961090088
13.5,62.5709991455078,1,37,30000,0,1,10.308952331543,1369,4.13630199432373
12,62.4059982299805,0,27,5500,13,1,8.61250305175781,729,4.1336612701416
12,60.8619995117188,1,48,20000,0,1,9.90348720550537,2304,4.10860919952393
12,62.0890007019043,0,18,30000,0,1,10.308952331543,324,4.12856864929199
12,60.8619995117188,0,43,20000,0,1,9.90348720550537,1849,4.10860919952393
10,62.0120010375977,1,20,3500,0,1,8.16051864624023,400,4.12732791900635
8,60.8230018615723,1,19,12500,1,1,9.43348407745361,361,4.10796785354614
13.5,60.7080001831055,1,22,12500,0,1,9.43348407745361,484,4.10607528686523
16,60.7080001831055,1,60,20000,0,1,9.90348720550537,3600,4.10607528686523
13.5,61.7439994812012,1,47,30000,0,1,10.308952331543,2209,4.12299680709839
10,61.6290016174316,0,77,20000,0,1,9.90348720550537,5929,4.12113237380981
13.5,61.3600006103516,1,26,20000,0,1,9.90348720550537,676,4.11675834655762
12,62.6539993286133,0,37,20000,20,1,9.90348720550537,1369,4.13762760162354
13.5,62.1590003967285,0,40,30000,15,1,10.308952331543,1600,4.12969541549683
6,61.2840003967285,0,44,8500,0,1,9.04782104492188,1936,4.11551856994629
6,62.0120010375977,1,65,2500,0,1,7.82404613494873,4225,4.12732791900635
16,60.9000015258789,1,26,30000,0,1,10.308952331543,676,4.10923337936401
8,60.8619995117188,0,77,20000,0,1,9.90348720550537,5929,4.10860919952393
12,61.2070007324219,0,73,12500,0,1,9.43348407745361,5329,4.11426162719727
10,60.9379997253418,1,64,30000,0,1,10.308952331543,4096,4.10985708236694
13.5,61.6290016174316,1,28,30000,0,1,10.308952331543,784,4.12113237380981
13.5,60.8619995117188,1,26,30000,20,1,10.308952331543,676,4.10860919952393
10,61.0919990539551,1,64,20000,20,1,9.90348720550537,4096,4.11238098144531
12,61.6669998168945,1,29,6500,0,1,8.77955722808838,841,4.12174892425537
12,61.9739990234375,1,55,20000,40,1,9.90348720550537,3025,4.1267147064209
12,62.7360000610352,1,54,30000,0,1,10.308952331543,2916,4.13893556594849
15,61.2070007324219,1,42,20000,10,1,9.90348720550537,1764,4.11426162719727
13.5,62.7360000610352,0,70,12500,0,1,9.43348407745361,4900,4.13893556594849
16,61.2840003967285,1,71,20000,0,1,9.90348720550537,5041,4.11551856994629
12,61.7439994812012,1,24,30000,0,1,10.308952331543,576,4.12299680709839
10,61.859001159668,1,38,20000,20,1,9.90348720550537,1444,4.1248574256897
15,61.9360008239746,1,73,6500,0,1,8.77955722808838,5329,4.12610149383545
18,60.8230018615723,1,29,30000,0,1,10.308952331543,841,4.10796785354614
13.5,60.5550003051758,1,24,20000,0,1,9.90348720550537,576,4.10355186462402
12,61.4370002746582,1,25,8500,0,1,9.04782104492188,625,4.11801242828369
15,62.0890007019043,1,22,20000,0,1,9.90348720550537,484,4.12856864929199
12,61.4749984741211,1,36,12500,5,1,9.43348407745361,1296,4.11863040924072
12,53.6240005493164,1,28,20000,0,0,9.90348720550537,784,3.98199677467346
13.5,53.3129997253418,1,27,6500,40,0,8.77955722808838,729,3.9761803150177
13.5,55.185001373291,1,28,4500,8,0,8.41183280944824,784,4.01069116592407
12,53.3819999694824,1,53,20000,0,0,9.90348720550537,2809,3.97747349739075
13.5,54.984001159668,1,23,30000,15,0,10.308952331543,529,4.0070424079895
12,53.9690017700195,1,19,12500,15,0,9.43348407745361,361,3.98840975761414
15,54.3139991760254,0,25,20000,0,0,9.90348720550537,625,3.99478197097778
13.5,54.6479988098145,0,34,12500,20,0,9.43348407745361,1156,4.0009126663208
13.5,54.140998840332,1,20,30000,0,0,10.308952331543,400,3.99159169197083
10,54.3139991760254,1,17,20000,0,0,9.90348720550537,289,3.99478197097778
16,66.5869979858399,1,51,30000,20,1,10.308952331543,2601,4.19850921630859
12,65.2900009155274,1,44,30000,30,1,10.308952331543,1936,4.1788387298584
12,65.2900009155274,1,29,20000,60,1,9.90348720550537,841,4.1788387298584
8,66.0879974365234,1,65,30000,0,1,10.308952331543,4225,4.19098711013794
12,65.2900009155274,1,53,30000,0,1,10.308952331543,2809,4.1788387298584
8,67.9329986572266,0,46,20000,0,1,9.90348720550537,2116,4.21852207183838
18,65.2900009155274,1,51,30000,0,1,10.308952331543,2601,4.1788387298584
18,65.5400009155274,1,66,30000,0,1,10.308952331543,4356,4.1826605796814
8,64.9909973144531,0,42,20000,0,1,9.90348720550537,1764,4.17424869537354
16,65.140998840332,1,32,8500,40,1,9.04782104492188,1024,4.17655420303345
13.5,66.4369964599609,1,53,30000,25,1,10.308952331543,2809,4.19625425338745
8,66.0380020141602,1,70,30000,0,1,10.308952331543,4900,4.19023036956787
10,65.8889999389649,1,30,20000,30,1,9.90348720550537,900,4.18797159194946
18,65.8889999389649,1,42,30000,0,1,10.308952331543,1764,4.18797159194946
12,66.5370025634766,1,69,30000,0,1,10.308952331543,4761,4.19775819778442
10,66.4369964599609,1,18,5500,0,1,8.61250305175781,324,4.19625425338745
12,68.1839981079102,1,22,12500,10,1,9.43348407745361,484,4.22220993041992
6,66.6869964599609,0,38,20000,40,1,9.90348720550537,1444,4.20000982284546
10,66.4369964599609,1,52,20000,20,1,9.90348720550537,2704,4.19625425338745
10,65.140998840332,0,17,30000,0,1,10.308952331543,289,4.17655420303345
12,65.0410003662109,1,46,20000,0,1,9.90348720550537,2116,4.17501783370972
16,66.5869979858399,1,46,30000,0,1,10.308952331543,2116,4.19850921630859
12,66.0380020141602,0,35,30000,0,1,10.308952331543,1225,4.19023036956787
12,66.3379974365234,1,22,30000,16,1,10.308952331543,484,4.19476270675659
12,61.5460014343262,1,54,20000,20,0,9.90348720550537,2916,4.11978483200073
12,61.1839981079102,1,58,12500,40,0,9.43348407745361,3364,4.1138858795166
10,62.0120010375977,1,27,12500,15,0,9.43348407745361,729,4.12732791900635
18,61.1839981079102,1,47,20000,40,0,9.90348720550537,2209,4.1138858795166
16,62.0120010375977,1,53,30000,40,0,10.308952331543,2809,4.12732791900635
12,65.0820007324219,1,29,8500,10,0,9.04782104492188,841,4.17564821243286
13.5,67.8199996948242,1,29,8500,0,0,9.04782104492188,841,4.21685695648193
13.5,68.1999969482422,1,47,30000,0,0,10.308952331543,2209,4.22244453430176
8,69.4020004272461,0,67,30000,10,0,10.308952331543,4489,4.23991584777832
18,69.4020004272461,0,31,30000,0,0,10.308952331543,961,4.23991584777832
12,67.1240005493164,1,27,8500,0,0,9.04782104492188,729,4.20654153823853
12,68.2630004882813,1,34,3500,0,0,8.16051864624023,1156,4.22336769104004
10,68.515998840332,1,25,20000,0,0,9.90348720550537,625,4.22706747055054
12,67.8199996948242,1,46,20000,30,0,9.90348720550537,2116,4.21685695648193
16,67.8199996948242,0,50,12500,50,0,9.43348407745361,2500,4.21685695648193
6,67.7570037841797,1,69,8500,0,0,9.04782104492188,4761,4.2159276008606
13.5,67.8199996948242,1,32,12500,0,0,9.43348407745361,1024,4.21685695648193
12,67.693000793457,1,64,8500,0,0,9.04782104492188,4096,4.2149829864502
15,67.9469985961914,1,30,20000,0,0,9.90348720550537,900,4.21872806549072
8,68.072998046875,1,78,12500,0,0,9.43348407745361,6084,4.22058057785034
13.5,69.1490020751953,1,46,12500,0,0,9.43348407745361,2116,4.23626375198364
13.5,69.5289993286133,1,49,30000,60,0,10.308952331543,2401,4.24174404144287
12,70.0139999389648,1,30,12500,0,0,9.43348407745361,900,4.24869537353516
10,68.8330001831055,0,23,2500,20,0,7.82404613494873,529,4.23168325424194
12,69.4020004272461,1,27,20000,15,0,9.90348720550537,729,4.23991584777832
18,68.3899993896484,1,28,30000,20,0,10.308952331543,784,4.22522640228272
10,69.5920028686524,1,26,5500,30,0,8.61250305175781,676,4.2426495552063
6,67.693000793457,1,44,12500,0,0,9.43348407745361,1936,4.2149829864502
13.5,69.4020004272461,1,54,30000,30,0,10.308952331543,2916,4.23991584777832
12,69.8410034179688,1,54,8500,0,0,9.04782104492188,2916,4.24622106552124
12,69.8990020751953,1,66,6500,13,0,8.77955722808838,4356,4.24705123901367
18,67.8830032348633,1,49,30000,0,0,10.308952331543,2401,4.21778583526611
16,67.4400024414063,0,77,6500,0,0,8.77955722808838,5929,4.21123838424683
12,68.8960037231445,1,74,12500,0,0,9.43348407745361,5476,4.23259830474854
18,69.4649963378906,0,69,30000,0,0,10.308952331543,4761,4.24082279205322
13.5,68.6429977416992,1,78,30000,0,0,10.308952331543,6084,4.22891902923584
13.5,68.3899993896484,1,57,30000,20,0,10.308952331543,3249,4.22522640228272
8,70.1289978027344,1,53,8500,0,0,9.04782104492188,2809,4.25033617019653
16,67.3140029907227,1,88,30000,0,0,10.308952331543,7744,4.20936822891235
12,67.1869964599609,1,79,20000,0,0,9.90348720550537,6241,4.20747995376587
12,57.4729995727539,1,21,8500,0,0,9.04782104492188,441,4.05131530761719
18,58.0940017700195,1,30,8500,0,0,9.04782104492188,900,4.06206226348877
18,57.4729995727539,1,39,30000,0,0,10.308952331543,1521,4.05131530761719
15,59.8520011901856,1,25,500,9,0,6.21460819244385,625,4.09187507629395
10,59.1300010681152,1,58,20000,0,0,9.90348720550537,3364,4.07973861694336
13.5,59.1300010681152,1,23,30000,15,0,10.308952331543,529,4.07973861694336
16,59.2330017089844,1,30,20000,28,0,9.90348720550537,900,4.0814790725708
10,57.9389991760254,1,31,8500,40,0,9.04782104492188,961,4.05939054489136
16,57.4729995727539,1,31,20000,0,0,9.90348720550537,961,4.05131530761719
16,58.0940017700195,1,50,20000,0,0,9.90348720550537,2500,4.06206226348877
8,58.507999420166,1,20,12500,0,0,9.43348407745361,400,4.06916332244873
13.5,57.1100006103516,0,24,12500,0,0,9.43348407745361,576,4.04497909545898
12,61.9879989624024,1,33,20000,0,0,9.90348720550537,1089,4.12694072723389
16,63.5559997558594,1,39,30000,0,0,10.308952331543,1521,4.15192127227783
13.5,57.4659996032715,0,19,30000,0,0,10.308952331543,361,4.05119323730469
12,59.4300003051758,1,31,20000,20,0,9.90348720550537,961,4.08479928970337
13.5,60.0419998168945,1,40,30000,50,0,10.308952331543,1600,4.09504413604736
16,59.492000579834,1,39,12500,0,0,9.43348407745361,1521,4.0858416557312
15,59.6759986877441,1,23,5500,7,0,8.61250305175781,529,4.08893013000488
8,58.6319999694824,0,71,8500,0,0,9.04782104492188,5041,4.07128047943115
6,58.0800018310547,1,54,6500,0,0,8.77955722808838,2916,4.06182146072388
10,58.5099983215332,0,33,12500,20,0,9.43348407745361,1089,4.06919765472412
18,60.2210006713867,1,30,30000,0,0,10.308952331543,900,4.09802103042603
12,57.8349990844727,1,31,8500,20,0,9.04782104492188,961,4.05759429931641
18,60.5180015563965,1,46,30000,0,0,10.308952331543,2116,4.10294103622437
12,59.9210014343262,1,75,20000,0,0,9.90348720550537,5625,4.09302711486816
8,58.2639999389649,1,40,30000,20,0,10.308952331543,1600,4.06498432159424
12,59.4300003051758,1,66,12500,0,0,9.43348407745361,4356,4.08479928970337
18,59.492000579834,1,45,30000,40,0,10.308952331543,2025,4.0858416557312
8,59.2459983825684,1,73,8500,0,0,9.04782104492188,5329,4.08169841766357
12,57.7120018005371,1,31,20000,30,0,9.90348720550537,961,4.05546522140503
13.5,58.2639999389649,1,27,30000,0,0,10.308952331543,729,4.06498432159424
10,58.6319999694824,0,50,20000,0,0,9.90348720550537,2500,4.07128047943115
12,57.7120018005371,1,45,30000,0,0,10.308952331543,2025,4.05546522140503
12,58.2639999389649,0,22,30000,30,0,10.308952331543,484,4.06498432159424
13.5,59.2459983825684,0,44,30000,0,0,10.308952331543,1936,4.08169841766357
10,58.5099983215332,1,51,30000,5,0,10.308952331543,2601,4.06919765472412
6,58.8160018920899,1,59,3500,0,0,8.16051864624023,3481,4.07441377639771
10,58.4480018615723,1,59,20000,0,0,9.90348720550537,3481,4.06813764572144
12,57.6500015258789,1,66,8500,0,0,9.04782104492188,4356,4.05439043045044
13.5,59.2459983825684,1,35,30000,3,0,10.308952331543,1225,4.08169841766357
10,57.6500015258789,0,17,20000,15,0,9.90348720550537,289,4.05439043045044
12,59.5530014038086,1,35,20000,0,0,9.90348720550537,1225,4.08686685562134
16,59.6139984130859,1,30,30000,0,0,10.308952331543,900,4.087890625
12,59.4300003051758,1,23,30000,0,0,10.308952331543,529,4.08479928970337
8,58.140998840332,1,60,8500,0,0,9.04782104492188,3600,4.06287097930908
18,59.2459983825684,1,27,20000,0,0,9.90348720550537,729,4.08169841766357
16,57.6500015258789,1,37,20000,0,0,9.90348720550537,1369,4.05439043045044
15,57.9570007324219,0,42,20000,0,0,9.90348720550537,1764,4.05970144271851
8,59.9210014343262,1,87,3500,0,0,8.16051864624023,7569,4.09302711486816
13.5,59.6139984130859,1,26,20000,20,0,9.90348720550537,676,4.087890625
12,57.4049987792969,1,20,12500,15,0,9.43348407745361,400,4.05013132095337
10,58.8779983520508,1,65,12500,0,0,9.43348407745361,4225,4.07546758651733
12,59.6139984130859,1,35,30000,20,0,10.308952331543,1225,4.087890625
18,59.0009994506836,0,38,30000,0,0,10.308952331543,1444,4.07755422592163
10,59.185001373291,1,64,20000,20,0,9.90348720550537,4096,4.0806679725647
10,58.2639999389649,1,62,8500,0,0,9.04782104492188,3844,4.06498432159424
12,58.6940002441406,1,47,20000,1,0,9.90348720550537,2209,4.07233762741089
10,58.0800018310547,1,52,30000,20,0,10.308952331543,2704,4.06182146072388
13.5,58.5709991455078,0,32,12500,0,0,9.43348407745361,1024,4.0702395439148
16,58.4480018615723,1,26,20000,15,0,9.90348720550537,676,4.06813764572144
18,59.5530014038086,1,35,20000,0,0,9.90348720550537,1225,4.08686685562134
16,57.7120018005371,1,35,30000,0,0,10.308952331543,1225,4.05546522140503
10,59.0620002746582,1,24,12500,0,0,9.43348407745361,576,4.07858753204346
8,59.4300003051758,1,77,20000,1,0,9.90348720550537,5929,4.08479928970337
13.5,58.140998840332,1,24,4500,20,0,8.41183280944824,576,4.06287097930908
8,53.3250007629395,1,63,20000,20,0,9.90348720550537,3969,3.97640538215637
18,53.048999786377,0,58,20000,0,0,9.90348720550537,3364,3.97121596336365
10,52.8880004882813,1,69,3500,0,0,8.16051864624023,4761,3.96817636489868
13.5,54.3810005187988,0,62,12500,50,0,9.43348407745361,3844,3.99601483345032
12,53.6699981689453,1,27,12500,0,0,9.43348407745361,729,3.98285412788391
13.5,53.048999786377,1,30,20000,20,0,9.90348720550537,900,3.97121596336365
10,52.7960014343262,1,51,30000,0,0,10.308952331543,2601,3.96643543243408
12,53.1180000305176,1,32,12500,0,0,9.43348407745361,1024,3.97251582145691
10,52.8190002441406,1,51,30000,20,0,10.308952331543,2601,3.9668710231781
6,53.6469993591309,1,53,20000,0,0,9.90348720550537,2809,3.98242545127869
13.5,53.5089988708496,0,20,20000,0,0,9.90348720550537,400,3.97984981536865
13.5,53.2789993286133,0,22,12500,40,0,9.43348407745361,484,3.97554230690002
16,52.8190002441406,1,24,30000,0,0,10.308952331543,576,3.9668710231781
12,53.2560005187988,1,23,6500,0,0,8.77955722808838,529,3.97511053085327
12,52.8190002441406,1,65,30000,0,0,10.308952331543,4225,3.9668710231781
8,53.2330017089844,1,21,20000,20,0,9.90348720550537,441,3.97467851638794
8,52.9799995422363,1,19,1500,0,0,7.31322050094605,361,3.96991443634033
10,53.5089988708496,1,24,12500,20,0,9.43348407745361,576,3.97984981536865
12,53.3250007629395,1,34,20000,30,0,9.90348720550537,1156,3.97640538215637
10,52.8190002441406,1,54,8500,6,0,9.04782104492188,2916,3.9668710231781
18,58.1419982910156,1,50,20000,15,0,9.90348720550537,2500,4.06288814544678
13.5,57.9119987487793,1,65,8500,20,0,9.04782104492188,4225,4.05892467498779
12,56.9000015258789,1,33,20000,20,0,9.90348720550537,1089,4.04129552841187
8,57.681999206543,1,69,8500,0,0,9.04782104492188,4761,4.05494499206543
15,59.2350006103516,1,26,12500,30,0,9.43348407745361,676,4.08151245117188
8,57.681999206543,1,69,8500,0,0,9.04782104492188,4761,4.05494499206543
12,56.9000015258789,1,59,30000,20,0,10.308952331543,3481,4.04129552841187
12,57.6769981384277,1,35,12500,20,0,9.43348407745361,1225,4.0548586845398
6,58.3779983520508,1,54,8500,0,0,9.04782104492188,2916,4.06693887710571
13.5,55.5960006713867,0,28,12500,0,0,9.43348407745361,784,4.01811122894287
12,55.5960006713867,0,28,20000,15,0,9.90348720550537,784,4.01811122894287
10,45.2830009460449,1,77,3500,30,0,8.16051864624023,5929,3.81293177604675
12,44.0589981079102,1,64,20000,0,0,9.90348720550537,4096,3.78552961349487
10,45.5610008239746,1,52,4500,40,0,8.41183280944824,2704,3.81905221939087
10,45.2830009460449,1,21,1500,30,0,7.31322050094605,441,3.81293177604675
10,45.8390007019043,1,46,30000,0,0,10.308952331543,2116,3.82513523101807
12,45.2270011901856,1,24,20000,0,0,9.90348720550537,576,3.81169438362122
12,45.8390007019043,1,31,8500,30,0,9.04782104492188,961,3.82513523101807
12,44.0040016174316,1,26,8500,0,0,9.04782104492188,676,3.78428053855896
10,45.7840003967285,1,79,4500,0,0,8.41183280944824,6241,3.82393479347229
12,46.5209999084473,1,53,30000,30,0,10.308952331543,2809,3.83990383148193
12,58.1489982604981,1,32,12500,40,0,9.43348407745361,1024,4.0630087852478
15,60.2350006103516,1,21,5500,0,0,8.61250305175781,441,4.09825372695923
15,58.9830017089844,1,18,20000,0,0,9.90348720550537,324,4.07724952697754
13.5,59.4280014038086,1,30,12500,0,0,9.43348407745361,900,4.08476543426514
12,59.3720016479492,1,20,20000,15,0,9.90348720550537,400,4.08382272720337
8,56.9039993286133,1,69,12500,40,0,9.43348407745361,4761,4.04136562347412
8,58.0530014038086,1,59,30000,20,0,10.308952331543,3481,4.06135654449463
12,57.0690002441406,1,56,30000,30,0,10.308952331543,3136,4.04426097869873
18,57.1790008544922,1,43,30000,0,0,10.308952331543,1849,4.04618692398071
10,57.4339981079102,1,40,30000,40,0,10.308952331543,1600,4.05063629150391
16,58.7949981689453,1,37,30000,0,0,10.308952331543,1369,4.07405662536621
10,58.2550010681152,1,36,12500,0,0,9.43348407745361,1296,4.06482982635498
13.5,58.7949981689453,1,28,30000,40,0,10.308952331543,784,4.07405662536621
12,57.8709983825684,1,33,30000,0,0,10.308952331543,1089,4.05821657180786
16,57.2879981994629,1,63,20000,0,0,9.90348720550537,3969,4.04809093475342
8,57.8349990844727,1,51,1500,20,0,7.31322050094605,2601,4.05759429931641
12,58.7949981689453,1,33,30000,10,0,10.308952331543,1089,4.07405662536621
13.5,57.0690002441406,1,39,30000,0,0,10.308952331543,1521,4.04426097869873
12,57.7620010375977,1,21,20000,20,0,9.90348720550537,441,4.05633115768433
13.5,58.2550010681152,1,37,30000,0,0,10.308952331543,1369,4.06482982635498
18,58.8849983215332,1,70,30000,0,0,10.308952331543,4900,4.07558631896973
12,57.8709983825684,1,20,30000,0,0,10.308952331543,400,4.05821657180786
16,57.0690002441406,1,27,12500,0,0,9.43348407745361,729,4.04426097869873
16,58.8849983215332,1,28,20000,4,0,9.90348720550537,784,4.07558631896973
16,66.7610015869141,1,30,20000,0,0,9.90348720550537,900,4.20111894607544
13.5,65.7669982910156,1,52,20000,20,0,9.90348720550537,2704,4.18611812591553
18,65.1989974975586,1,24,12500,0,0,9.43348407745361,576,4.17744398117065
12,65.7669982910156,1,71,12500,0,0,9.43348407745361,5041,4.18611812591553
12,67.1149978637695,1,39,20000,50,0,9.90348720550537,1521,4.20640754699707
12,68.3349990844727,1,19,8500,10,0,9.04782104492188,361,4.22442197799683
13.5,66.9729995727539,1,21,20000,0,0,9.90348720550537,441,4.20428943634033
16,67.3990020751953,1,33,3500,0,0,8.16051864624023,1089,4.21063041687012
13.5,66.1220016479492,1,51,20000,0,0,9.90348720550537,2601,4.19150161743164
8,65.7669982910156,1,54,30000,20,0,10.308952331543,2916,4.18611812591553
13.5,67.5410003662109,1,44,20000,25,0,9.90348720550537,1936,4.21273469924927
12,67.1149978637695,1,43,30000,0,0,10.308952331543,1849,4.20640754699707
6,65.7669982910156,1,68,5500,0,0,8.61250305175781,4624,4.18611812591553
12,66.7610015869141,1,22,20000,0,0,9.90348720550537,484,4.20111894607544
10,65.8379974365234,1,54,30000,40,0,10.308952331543,2916,4.18719720840454
16,67.8249969482422,1,37,30000,30,0,10.308952331543,1369,4.21693086624146
13.5,66.5479965209961,1,22,30000,15,0,10.308952331543,484,4.19792366027832
18,58.3810005187988,1,65,30000,0,1,10.308952331543,4225,4.0669903755188
12,60.2239990234375,1,30,30000,30,1,10.308952331543,900,4.09807109832764
12,60.2239990234375,1,19,30000,2,1,10.308952331543,361,4.09807109832764
15,60.3489990234375,1,35,30000,0,1,10.308952331543,1225,4.1001443862915
10,59.9860000610352,1,59,30000,0,1,10.308952331543,3481,4.09411096572876
12,58.2019996643066,1,18,1500,0,1,7.31322050094605,324,4.06391954421997
12,58.2620010375977,1,44,20000,20,1,9.90348720550537,1936,4.06494998931885
16,58.8559989929199,1,37,20000,0,1,9.90348720550537,1369,4.0750937461853
12,60.5219993591309,1,37,12500,20,1,9.43348407745361,1369,4.1030068397522
12,58.2019996643066,1,19,500,0,1,6.21460819244385,361,4.06391954421997
12,58.9749984741211,1,25,20000,0,1,9.90348720550537,625,4.07711362838745
16,58.9160003662109,0,31,12500,20,1,9.43348407745361,961,4.07611274719238
12,59.9860000610352,1,19,30000,0,1,10.308952331543,361,4.09411096572876
10,58.4990005493164,1,18,30000,0,1,10.308952331543,324,4.06900978088379
16,59.867000579834,1,28,20000,20,1,9.90348720550537,784,4.092125415802
18,58.3810005187988,1,46,30000,0,1,10.308952331543,2116,4.0669903755188
12,58.2620010375977,1,27,20000,0,1,9.90348720550537,729,4.06494998931885
12,57.8450012207031,1,58,20000,0,1,9.90348720550537,3364,4.05776691436768
12,60.5219993591309,1,19,30000,0,1,10.308952331543,361,4.1030068397522
13.5,60.2830009460449,1,30,20000,3,1,9.90348720550537,900,4.09905004501343
13.5,58.7369995117188,1,58,30000,30,1,10.308952331543,3364,4.07307004928589
6,58.0239982604981,1,42,20000,10,1,9.90348720550537,1764,4.06085681915283
13.5,58.0830001831055,1,45,30000,0,1,10.308952331543,2025,4.06187295913696
10,60.4360008239746,1,18,12500,14,1,9.43348407745361,324,4.10158491134644
12,60.5509986877441,0,40,30000,20,1,10.308952331543,1600,4.10348606109619
13.5,59.9860000610352,1,66,8500,0,1,9.04782104492188,4356,4.09411096572876
12,60.2239990234375,1,64,8500,20,1,9.04782104492188,4096,4.09807109832764
12,59.9860000610352,0,43,30000,20,1,10.308952331543,1849,4.09411096572876
10,60.5509986877441,1,53,30000,0,1,10.308952331543,2809,4.10348606109619
16,58.7970008850098,1,36,30000,30,1,10.308952331543,1296,4.0740909576416
13.5,60.4930000305176,1,43,20000,20,1,9.90348720550537,1849,4.1025276184082
18,59.5699996948242,1,25,12500,0,1,9.43348407745361,625,4.08715200424194
12,60.4640007019043,1,35,30000,0,1,10.308952331543,1225,4.10204792022705
16,62.1020011901856,1,29,30000,0,1,10.308952331543,841,4.12877798080444
12,62.4650001525879,1,18,3500,0,1,8.16051864624023,324,4.13460636138916
12,63.1990013122559,1,20,12500,0,1,9.43348407745361,400,4.14628839492798
12,62.3440017700195,1,19,30000,0,1,10.308952331543,361,4.13266754150391
10,62.9480018615723,1,17,30000,0,1,10.308952331543,289,4.14230918884277
18,61.4980010986328,0,29,30000,20,1,10.308952331543,841,4.11900472640991
8,61.4580001831055,1,65,12500,0,1,9.43348407745361,4225,4.11835384368897
12,61.4980010986328,1,42,20000,0,1,9.90348720550537,1764,4.11900472640991
16,63.2529983520508,1,32,30000,0,1,10.308952331543,1024,4.14714241027832
18,62.9480018615723,1,36,30000,0,1,10.308952331543,1296,4.14230918884277
16,63.2529983520508,1,57,30000,0,1,10.308952331543,3249,4.14714241027832
12,62.4650001525879,1,31,12500,0,1,9.43348407745361,961,4.13460636138916
10,62.2639999389649,1,17,20000,0,1,9.90348720550537,289,4.13138341903687
10,62.9480018615723,0,17,20000,0,1,9.90348720550537,289,4.14230918884277
8,59.3759994506836,1,45,20000,8,0,9.90348720550537,2025,4.08388996124268
12,59.6209983825684,1,19,30000,10,0,10.308952331543,361,4.08800792694092
8,54.3380012512207,1,74,5500,0,0,8.61250305175781,5476,3.99522376060486
12,53.6529998779297,1,46,30000,25,0,10.308952331543,2116,3.98253726959229
13.5,54.9249992370606,1,27,30000,0,0,10.308952331543,729,4.00596857070923
12,56.2939987182617,1,66,20000,0,0,9.90348720550537,4356,4.03058815002441
16,54.9249992370606,1,44,30000,0,0,10.308952331543,1936,4.00596857070923
12,55.0219993591309,1,33,30000,0,0,10.308952331543,1089,4.00773286819458
12,54.1419982910156,1,64,20000,0,0,9.90348720550537,4096,3.99161028862
13.5,57.4850006103516,1,54,30000,1,0,10.308952331543,2916,4.05152416229248
10,57.5849990844727,0,27,12500,30,0,9.43348407745361,729,4.05326223373413
6,57.4850006103516,1,75,4500,0,0,8.41183280944824,5625,4.05152416229248
10,53.2620010375977,1,19,8500,0,0,9.04782104492188,361,3.97522306442261
6,56.9790000915527,1,69,2500,20,0,7.82404613494873,4761,4.04268264770508
12,55.7070007324219,1,30,8500,0,0,9.04782104492188,900,4.02010583877564
12,56.0979995727539,1,64,12500,0,0,9.43348407745361,4096,4.02710008621216
13.5,57.3359985351563,1,37,30000,0,0,10.308952331543,1369,4.04892873764038
12,54.4360008239746,1,31,30000,0,0,10.308952331543,961,3.99702572822571
12,57.5849990844727,1,30,20000,2,0,9.90348720550537,900,4.05326223373413
6,55.0149993896484,1,38,30000,0,1,10.308952331543,1444,4.0076060295105
12,59.6529998779297,1,20,30000,0,1,10.308952331543,400,4.0885443687439
12,59.6529998779297,1,21,3500,20,1,8.16051864624023,441,4.0885443687439
12,56.8040008544922,1,19,12500,0,1,9.43348407745361,361,4.03960657119751
18,58.4640007019043,1,71,12500,0,0,9.43348407745361,5041,4.06841135025024
10,63.1030006408691,1,49,20000,18,0,9.90348720550537,2401,4.14476823806763
10,55.1679992675781,1,42,8500,0,0,9.04782104492188,1764,4.01038312911987
8,55.0069999694824,1,54,12500,10,0,9.43348407745361,2916,4.00746059417725
13.5,55.1679992675781,1,24,20000,20,0,9.90348720550537,576,4.01038312911987
12,54.3219985961914,1,60,30000,0,0,10.308952331543,3600,3.99492931365967
12,55.1679992675781,1,54,20000,0,0,9.90348720550537,2916,4.01038312911987
10,53.8790016174317,1,28,8500,20,0,9.04782104492188,784,3.98674082756043
8,64.9940032958984,1,67,12500,0,0,9.43348407745361,4489,4.17429494857788
12,65.5500030517578,1,56,20000,40,0,9.90348720550537,3136,4.18281316757202
16,64.0479965209961,1,36,30000,0,0,10.308952331543,1296,4.15963268280029
12,64.4380035400391,0,25,30000,0,0,10.308952331543,625,4.16570377349854
13.5,65.8280029296875,1,34,20000,0,0,9.90348720550537,1156,4.18704509735107
10,65.6050033569336,1,20,20000,5,0,9.90348720550537,400,4.1836519241333
13.5,64.4929962158203,1,21,30000,10,0,10.308952331543,441,4.16655683517456
12,64.9380035400391,1,42,8500,0,0,9.04782104492188,1764,4.17343282699585
13.5,64.5490036010742,1,28,12500,20,0,9.43348407745361,784,4.16742467880249
18,65.4390029907227,1,29,20000,0,0,9.90348720550537,841,4.18111848831177
8,64.9940032958984,1,70,5500,20,0,8.61250305175781,4900,4.17429494857788
12,66.3280029296875,1,32,12500,30,0,9.43348407745361,1024,4.1946120262146
13.5,65.7720031738281,0,42,30000,40,0,10.308952331543,1764,4.18619441986084
10,65.161003112793,1,17,30000,30,0,10.308952331543,289,4.17686128616333
12,66.7839965820313,1,24,20000,0,0,9.90348720550537,576,4.20146369934082
15,66.3280029296875,0,64,20000,0,0,9.90348720550537,4096,4.1946120262146
12,65.7170028686524,1,57,30000,60,0,10.308952331543,3249,4.18535757064819
16,64.1039962768555,1,51,30000,0,0,10.308952331543,2601,4.16050672531128
13.5,65.7170028686524,1,29,12500,18,0,9.43348407745361,841,4.18535757064819
10,64.4380035400391,1,66,6500,20,0,8.77955722808838,4356,4.16570377349854
13.5,64.3820037841797,1,62,30000,15,0,10.308952331543,3844,4.16483402252197
16,66.3280029296875,1,29,30000,40,0,10.308952331543,841,4.1946120262146
6,65.6050033569336,1,58,8500,0,0,9.04782104492188,3364,4.1836519241333
15,65.161003112793,0,53,20000,0,0,9.90348720550537,2809,4.17686128616333
13.5,65.4390029907227,1,38,30000,0,0,10.308952331543,1444,4.18111848831177
12,64.1039962768555,1,24,20000,0,0,9.90348720550537,576,4.16050672531128
8,66.3840026855469,1,59,20000,0,0,9.90348720550537,3481,4.19545602798462
16,66.2170028686523,1,30,30000,0,0,10.308952331543,900,4.19293737411499
8,64.3820037841797,1,37,20000,0,0,9.90348720550537,1369,4.16483402252197
12,65.995002746582,1,43,20000,0,0,9.90348720550537,1849,4.18957901000977
12,66.1620025634766,0,60,20000,0,0,9.90348720550537,3600,4.19210624694824
10,64.9940032958984,1,24,12500,40,0,9.43348407745361,576,4.17429494857788
12,64.5490036010742,1,60,12500,0,0,9.43348407745361,3600,4.16742467880249
8,62.0400009155274,1,82,4500,0,0,8.41183280944824,6724,4.12777948379517
12,64.1920013427734,1,61,20000,0,0,9.90348720550537,3721,4.16187858581543
10,64.5070037841797,1,66,30000,0,0,10.308952331543,4356,4.16677379608154
15,61.8499984741211,1,33,30000,0,0,10.308952331543,1089,4.12471199035645
10,64.5640029907227,1,26,20000,19,0,9.90348720550537,676,4.16765689849854
8,64.1920013427734,0,85,20000,20,0,9.90348720550537,7225,4.16187858581543
13.5,62.1040000915527,1,32,20000,0,0,9.90348720550537,1024,4.1288104057312
10,63.3689994812012,1,27,8500,0,0,9.04782104492188,729,4.1489748954773
12,64.1289978027344,1,30,30000,20,0,10.308952331543,900,4.16089677810669
12,62.6730003356934,1,30,5500,0,0,8.61250305175781,900,4.13793087005615
13.5,63.1790008544922,1,47,30000,0,0,10.308952331543,2209,4.14597177505493
12,61.8499984741211,1,18,6500,0,0,8.77955722808838,324,4.12471199035645
12,62.4199981689453,0,20,6500,0,0,8.77955722808838,400,4.13388586044312
18,62.5470008850098,1,32,30000,0,0,10.308952331543,1024,4.13591814041138
18,61.9770011901856,1,30,20000,0,0,9.90348720550537,900,4.12676334381104
10,63.6860008239746,1,17,20000,0,0,9.90348720550537,289,4.15396499633789
12,62.6100006103516,1,22,12500,10,0,9.43348407745361,484,4.1369252204895
13.5,61.7869987487793,1,43,30000,0,0,10.308952331543,1849,4.12369298934937
10,63.3059997558594,1,56,20000,40,0,9.90348720550537,3136,4.14798021316528
6,61.9770011901856,1,64,6500,0,0,8.77955722808838,4096,4.12676334381104
6,62.9259986877441,1,76,12500,0,0,9.43348407745361,5776,4.14195919036865
12,64.0019989013672,1,28,12500,30,0,9.43348407745361,784,4.15891408920288
18,64.6510009765625,1,37,30000,0,0,10.308952331543,1369,4.1690034866333
15,63.6220016479492,1,38,20000,0,0,9.90348720550537,1444,4.15295934677124
16,62.1040000915527,1,52,20000,20,0,9.90348720550537,2704,4.1288104057312
8,63.1160011291504,1,68,12500,0,0,9.43348407745361,4624,4.14497423171997
12,62.9259986877441,1,75,12500,0,0,9.43348407745361,5625,4.14195919036865
13.5,61.8499984741211,1,54,30000,20,0,10.308952331543,2916,4.12471199035645
18,61.8499984741211,1,36,30000,40,0,10.308952331543,1296,4.12471199035645
6,62.3569984436035,1,37,4500,0,0,8.41183280944824,1369,4.13287591934204
13.5,62.4199981689453,0,23,12500,28,0,9.43348407745361,529,4.13388586044312
6,64.1920013427734,1,36,6500,5,0,8.77955722808838,1296,4.16187858581543
10,63.1160011291504,1,44,30000,0,0,10.308952331543,1936,4.14497423171997
18,64.1920013427734,0,56,20000,0,0,9.90348720550537,3136,4.16187858581543
10,64.3190002441406,1,64,12500,0,0,9.43348407745361,4096,4.16385507583618
13.5,62.9900016784668,1,45,30000,28,0,10.308952331543,2025,4.14297580718994
12,61.7869987487793,1,56,30000,30,0,10.308952331543,3136,4.12369298934937
8,63.1790008544922,1,62,30000,0,0,10.308952331543,3844,4.14597177505493
15,62.7999992370606,1,62,12500,0,0,9.43348407745361,3844,4.13995504379272
16,64.5640029907227,1,52,30000,0,0,10.308952331543,2704,4.16765689849854
10,63.1160011291504,1,18,30000,0,0,10.308952331543,324,4.14497423171997
12,64.0650024414063,1,47,500,0,0,6.21460819244385,2209,4.15989828109741
18,63.1790008544922,1,52,30000,0,0,10.308952331543,2704,4.14597177505493
12,64.1289978027344,1,18,20000,0,0,9.90348720550537,324,4.16089677810669
13.5,64.0650024414063,1,26,12500,20,0,9.43348407745361,676,4.15989828109741
15,64.6220016479492,1,22,30000,0,0,10.308952331543,484,4.16855478286743
6,63.1160011291504,1,65,6500,0,0,8.77955722808838,4225,4.14497423171997
12,63.8759994506836,1,38,20000,20,0,9.90348720550537,1444,4.15694379806519
13.5,63.0530014038086,1,20,20000,0,0,9.90348720550537,400,4.14397573471069
16,62.0400009155274,1,41,20000,60,0,9.90348720550537,1681,4.12777948379517
16,63.3059997558594,1,28,20000,20,0,9.90348720550537,784,4.14798021316528
16,62.9259986877441,1,57,20000,0,0,9.90348720550537,3249,4.14195919036865
10,63.1790008544922,1,44,8500,7,0,9.04782104492188,1936,4.14597177505493
13.5,64.4779968261719,1,32,20000,0,0,9.90348720550537,1024,4.16632413864136
13.5,64.1289978027344,1,22,8500,15,0,9.04782104492188,484,4.16089677810669
16,64.3820037841797,1,30,30000,0,0,10.308952331543,900,4.16483402252197
16,62.4199981689453,1,30,12500,0,0,9.43348407745361,900,4.13388586044312
10,63.0530014038086,1,59,20000,40,0,9.90348720550537,3481,4.14397573471069
6,64.0019989013672,1,42,8500,0,0,9.04782104492188,1764,4.15891408920288
10,63.4329986572266,1,31,12500,20,0,9.43348407745361,961,4.14998435974121
12,63.3689994812012,1,39,20000,0,0,9.90348720550537,1521,4.1489748954773
8,63.6860008239746,1,65,12500,0,0,9.43348407745361,4225,4.15396499633789
10,62.1040000915527,0,78,12500,10,0,9.43348407745361,6084,4.1288104057312
10,63.6220016479492,0,17,4500,0,0,8.41183280944824,289,4.15295934677124
18,63.5589981079102,1,34,30000,0,0,10.308952331543,1156,4.15196847915649
16,64.6510009765625,1,39,30000,0,0,10.308952331543,1521,4.1690034866333
10,62.7999992370606,1,49,12500,0,0,9.43348407745361,2401,4.13995504379272
12,64.1920013427734,1,51,30000,0,0,10.308952331543,2601,4.16187858581543
12,61.8499984741211,1,19,20000,0,0,9.90348720550537,361,4.12471199035645
12,63.5589981079102,1,26,20000,30,0,9.90348720550537,676,4.15196847915649
12,62.2929992675781,1,82,6500,0,0,8.77955722808838,6724,4.13184881210327
12,64.1289978027344,1,38,3500,10,0,8.16051864624023,1444,4.16089677810669
12,62.7999992370606,1,32,20000,30,0,9.90348720550537,1024,4.13995504379272
10,61.7239990234375,1,27,3500,30,0,8.16051864624023,729,4.12267303466797
12,64.5640029907227,1,35,20000,0,0,9.90348720550537,1225,4.16765689849854
10,63.7490005493164,1,54,20000,0,0,9.90348720550537,2916,4.15495347976685
12,61.9770011901856,1,37,30000,20,0,10.308952331543,1369,4.12676334381104
10,64.6510009765625,0,60,12500,10,0,9.43348407745361,3600,4.1690034866333
10,63.4329986572266,1,17,30000,11,0,10.308952331543,289,4.14998435974121
16,64.5640029907227,1,28,20000,40,0,9.90348720550537,784,4.16765689849854
8,62.1669998168945,1,35,12500,40,0,9.43348407745361,1225,4.12982416152954
10,64.0019989013672,1,40,8500,20,0,9.04782104492188,1600,4.15891408920288
6,64.1289978027344,1,24,3500,0,0,8.16051864624023,576,4.16089677810669
18,63.7490005493164,1,41,30000,0,0,10.308952331543,1681,4.15495347976685
8,61.7869987487793,0,47,20000,0,0,9.90348720550537,2209,4.12369298934937
13.5,46.3139991760254,1,22,6500,0,0,8.77955722808838,484,3.83544421195984
18,44.726001739502,1,29,20000,0,0,9.90348720550537,841,3.80055499076843
10,44.3810005187988,1,17,30000,30,0,10.308952331543,289,3.79281139373779
13.5,47.6479988098145,0,40,30000,40,0,10.308952331543,1600,3.86384057998657
13.5,46.3139991760254,1,32,8500,10,0,9.04782104492188,1024,3.83544421195984
13.5,47.0040016174316,1,47,30000,0,0,10.308952331543,2209,3.85023283958435
10,46.6590003967285,1,58,20000,20,0,9.90348720550537,3364,3.84286594390869
18,44.4500007629395,1,74,30000,0,0,10.308952331543,5476,3.79436492919922
12,47.492000579834,1,49,30000,20,0,10.308952331543,2401,3.86056137084961
6,47.2109985351563,1,69,5500,0,0,8.61250305175781,4761,3.85462689399719
16,47.2109985351563,1,25,12500,0,0,9.43348407745361,625,3.85462689399719
6,45.2779998779297,1,71,1500,0,0,7.31322050094605,5041,3.81282114982605
12,57.3520011901856,1,66,6500,1,0,8.77955722808838,4356,4.04920768737793
10,57.4900016784668,1,25,12500,20,0,9.43348407745361,625,4.05161094665527
10,59.1510009765625,1,50,20000,0,0,9.90348720550537,2500,4.08009338378906
13.5,57.0299987792969,1,19,2500,0,0,7.82404613494873,361,4.04357719421387
6,57.1679992675781,1,28,3500,3,0,8.16051864624023,784,4.0459942817688
15,58.9959983825684,1,22,12500,0,0,9.43348407745361,484,4.07746982574463
13.5,58.0880012512207,1,49,30000,20,0,10.308952331543,2401,4.0619592666626
12,57.5359992980957,1,39,20000,20,0,9.90348720550537,1521,4.05241060256958
10,58.640998840332,1,19,3500,9,0,8.16051864624023,361,4.07143402099609
12,57.8120002746582,1,60,30000,0,0,10.308952331543,3600,4.05719614028931
18,58.1809997558594,1,37,20000,18,0,9.90348720550537,1369,4.06355905532837
12,58.0880012512207,1,62,12500,0,0,9.43348407745361,3844,4.0619592666626
12,58.8919982910156,1,20,1500,0,0,7.31322050094605,400,4.07570505142212
16,58.1349983215332,1,23,4500,1,0,8.41183280944824,529,4.06276798248291
10,56.8460006713867,1,45,20000,60,0,9.90348720550537,2025,4.04034566879272
12,57.3979988098145,1,28,30000,40,0,10.308952331543,784,4.05000925064087
12,59.1510009765625,1,20,30000,6,0,10.308952331543,400,4.08009338378906
12,58.3190002441406,1,51,20000,0,0,9.90348720550537,2601,4.06592798233032
12,57.3979988098145,1,62,6500,0,0,8.77955722808838,3844,4.05000925064087
12,59.0480003356934,1,55,30000,0,0,10.308952331543,3025,4.07835054397583
16,58.1809997558594,1,26,12500,0,0,9.43348407745361,676,4.06355905532837
12,58.0880012512207,0,41,20000,10,0,9.90348720550537,1681,4.0619592666626
13.5,58.2270011901856,1,67,12500,0,0,9.43348407745361,4489,4.06434917449951
10,57.3979988098145,1,19,30000,20,0,10.308952331543,361,4.05000925064087
18,56.7540016174316,1,33,20000,0,0,9.90348720550537,1089,4.03872632980347
18,57.3979988098145,1,29,12500,0,0,9.43348407745361,841,4.05000925064087
12,57.4440002441406,1,49,20000,20,0,9.90348720550537,2401,4.05081033706665
12,59.0480003356934,1,29,3500,20,0,8.16051864624023,841,4.07835054397583
15,58.8409996032715,1,32,20000,0,0,9.90348720550537,1024,4.07483911514282
16,57.8120002746582,1,31,30000,60,0,10.308952331543,961,4.05719614028931
10,57.9039993286133,1,17,20000,50,0,9.90348720550537,289,4.05878639221191
13.5,57.5359992980957,1,33,20000,0,0,9.90348720550537,1089,4.05241060256958
12,58.7369995117188,1,21,12500,0,0,9.43348407745361,441,4.07307004928589
10,58.3190002441406,1,59,20000,30,0,9.90348720550537,3481,4.06592798233032
13.5,56.984001159668,1,25,30000,20,0,10.308952331543,625,4.04277038574219
8,57.3979988098145,1,32,30000,60,0,10.308952331543,1024,4.05000925064087
12,58.4109992980957,1,25,20000,0,0,9.90348720550537,625,4.06750440597534
13.5,58.7369995117188,1,61,6500,40,0,8.77955722808838,3721,4.07307004928589
18,58.8919982910156,1,66,30000,0,0,10.308952331543,4356,4.07570505142212
10,57.3979988098145,1,22,12500,25,0,9.43348407745361,484,4.05000925064087
12,57.4900016784668,1,24,6500,10,0,8.77955722808838,576,4.05161094665527
18,58.1349983215332,1,43,30000,0,0,10.308952331543,1849,4.06276798248291
12,59.0480003356934,1,51,20000,0,0,9.90348720550537,2601,4.07835054397583
16,57.8120002746582,1,45,30000,0,0,10.308952331543,2025,4.05719614028931
12,58.8409996032715,1,45,20000,0,0,9.90348720550537,2025,4.07483911514282
18,57.3979988098145,1,66,8500,0,0,9.04782104492188,4356,4.05000925064087
12,58.8919982910156,0,38,30000,0,0,10.308952331543,1444,4.07570505142212
10,56.8460006713867,1,49,20000,30,0,9.90348720550537,2401,4.04034566879272
13.5,57.4440002441406,1,29,8500,1,0,9.04782104492188,841,4.05081033706665
16,56.8460006713867,1,45,30000,33,0,10.308952331543,2025,4.04034566879272
18,60.8730010986328,1,43,30000,80,0,10.308952331543,1849,4.10878992080689
12,61.1559982299805,1,49,30000,0,0,10.308952331543,2401,4.11342811584473
13.5,62.7179985046387,1,20,30000,0,0,10.308952331543,400,4.13864850997925
13.5,63.2729988098145,1,41,20000,20,0,9.90348720550537,1681,4.14745855331421
12,58.4599990844727,1,31,20000,0,0,9.90348720550537,961,4.06834268569946
13.5,60.0209999084473,1,28,12500,0,0,9.43348407745361,784,4.0946946144104
12,59.0279998779297,1,36,12500,0,0,9.43348407745361,1296,4.07801198959351
18,54.4290008544922,0,37,20000,0,0,9.90348720550537,1369,3.99689722061157
12,53.3440017700195,1,18,500,0,0,6.21460819244385,324,3.97676157951355
15,52.5789985656738,1,22,2500,0,0,7.82404613494873,484,3.9623167514801
18,52.7000007629395,1,33,20000,0,0,9.90348720550537,1089,3.9646155834198
10,53.1430015563965,1,76,4500,0,0,8.41183280944824,5776,3.97298645973206
13.5,52.7000007629395,1,34,20000,0,0,9.90348720550537,1156,3.9646155834198
13.5,60.7859992980957,0,78,2500,0,0,7.82404613494873,6084,4.10735940933228
12,60.9739990234375,1,31,3500,15,0,8.16051864624023,961,4.1104474067688
10,61.2690010070801,1,42,12500,0,0,9.43348407745361,1764,4.11527395248413
18,61.2159996032715,1,32,5500,10,0,8.61250305175781,1024,4.11440849304199
8,60.7459983825684,1,80,12500,0,0,9.43348407745361,6400,4.10670137405396
12,61.7509994506836,1,40,8500,10,0,9.04782104492188,1600,4.12311029434204
16,61.242000579834,1,53,30000,0,0,10.308952331543,2809,4.11483335494995
6,60.8260002136231,0,82,12500,0,0,9.43348407745361,6724,4.1080174446106
6,61.0550003051758,1,18,8500,11,0,9.04782104492188,324,4.11177492141724
8,61.0810012817383,0,46,12500,10,0,9.43348407745361,2116,4.11220073699951
12,61.2019996643067,1,60,20000,0,0,9.90348720550537,3600,4.11418008804321
8,61.6839981079102,1,78,6500,0,0,8.77955722808838,6084,4.12202453613281
12,60.9469985961914,1,47,30000,0,0,10.308952331543,2209,4.11000442504883
10,60.8129997253418,1,17,30000,0,0,10.308952331543,289,4.10780334472656
12,60.7589988708496,1,27,20000,2,0,9.90348720550537,729,4.10691499710083
18,61.242000579834,1,48,30000,0,0,10.308952331543,2304,4.11483335494995
18,61.0279998779297,1,39,30000,0,0,10.308952331543,1521,4.11133289337158
12,61.2290000915527,1,25,30000,0,0,10.308952331543,625,4.11462116241455
12,61.8849983215332,1,30,3500,10,0,8.16051864624023,900,4.12527799606323
18,60.7459983825684,1,59,20000,0,0,9.90348720550537,3481,4.10670137405396
16,61.0410003662109,1,47,30000,0,0,10.308952331543,2209,4.11154556274414
12,61.1889991760254,1,32,8500,20,0,9.04782104492188,1024,4.11396741867065
10,61.1889991760254,1,17,20000,20,0,9.90348720550537,289,4.11396741867065
13.5,60.7859992980957,1,23,30000,0,0,10.308952331543,529,4.10735940933228
12,61.2560005187988,1,20,12500,0,0,9.43348407745361,400,4.11506175994873
13.5,60.9739990234375,1,32,20000,0,0,9.90348720550537,1024,4.1104474067688
13.5,61.0009994506836,1,19,30000,10,0,10.308952331543,361,4.11089038848877
12,61.0950012207031,1,23,20000,0,0,9.90348720550537,529,4.11243009567261
10,61.2290000915527,1,18,6500,0,0,8.77955722808838,324,4.11462116241455
12,61.2290000915527,1,54,20000,30,0,9.90348720550537,2916,4.11462116241455
12,60.9469985961914,1,65,20000,20,0,9.90348720550537,4225,4.11000442504883
8,60.9739990234375,1,55,6500,0,0,8.77955722808838,3025,4.1104474067688
12,61.0009994506836,1,29,30000,30,0,10.308952331543,841,4.11089038848877
12,61.8849983215332,0,19,5500,8,0,8.61250305175781,361,4.12527799606323
16,60.7859992980957,1,27,12500,0,0,9.43348407745361,729,4.10735940933228
12,61.2560005187988,1,26,12500,35,0,9.43348407745361,676,4.11506175994873
10,61.1889991760254,1,59,30000,20,0,10.308952331543,3481,4.11396741867065
12,60.7319984436035,1,25,20000,0,0,9.90348720550537,625,4.10647058486939
16,61.0410003662109,1,78,12500,0,0,9.43348407745361,6084,4.11154556274414
6,60.8260002136231,1,69,6500,20,0,8.77955722808838,4761,4.1080174446106
10,61.2159996032715,1,58,20000,0,0,9.90348720550537,3364,4.11440849304199
15,51,1,24,12500,0,0,9.43348407745361,576,3.93182563781738
12,51,1,54,12500,0,0,9.43348407745361,2916,3.93182563781738
12,51,1,48,20000,0,0,9.90348720550537,2304,3.93182563781738
12,51.0400009155273,1,59,30000,30,0,10.308952331543,3481,3.93260955810547
10,51.0400009155273,1,38,20000,40,0,9.90348720550537,1444,3.93260955810547
16,50.9189987182617,1,29,30000,0,0,10.308952331543,841,3.93023610115051
12,51.443000793457,1,33,12500,50,0,9.43348407745361,1089,3.94047451019287
6,51,1,32,2500,0,0,7.82404613494873,1024,3.93182563781738
18,57.9819984436035,1,36,30000,0,0,10.308952331543,1296,4.06013250350952
6,59.9959983825684,0,49,30000,20,0,10.308952331543,2401,4.09427785873413
16,58.0400009155274,1,69,20000,0,0,9.90348720550537,4761,4.06113243103027
12,60.8680000305176,0,18,30000,20,0,10.308952331543,324,4.10870742797852
18,57.9819984436035,1,72,20000,0,0,9.90348720550537,5184,4.06013250350952
18,60.8030014038086,1,35,12500,40,0,9.43348407745361,1225,4.10763931274414
8,58.7879981994629,0,71,1500,0,0,7.31322050094605,5041,4.07393789291382
13.5,58.6150016784668,1,47,30000,0,0,10.308952331543,2209,4.07099056243897
12,58.4420013427734,1,20,500,0,0,6.21460819244385,400,4.06803464889526
12,60.1679992675781,1,43,20000,0,0,9.90348720550537,1849,4.09714078903198
12,60.3470001220703,1,65,4500,0,0,8.41183280944824,4225,4.10011100769043
8,60.226001739502,1,23,2500,10,0,7.82404613494873,529,4.09810400009155
12,59.9959983825684,1,44,30000,40,0,10.308952331543,1936,4.09427785873413
13.5,63.9889984130859,0,28,20000,0,0,9.90348720550537,784,4.15871095657349
18,64.2350006103516,1,67,20000,0,0,9.90348720550537,4489,4.16254806518555
13.5,62.8580017089844,1,32,12500,0,0,9.43348407745361,1024,4.14087820053101
8,63.5190010070801,1,37,20000,0,0,9.90348720550537,1369,4.15133905410767
13.5,63.9280014038086,1,32,12500,4,0,9.43348407745361,1024,4.15775728225708
6,63.5769996643067,1,57,20000,0,0,9.90348720550537,3249,4.15225172042847
10,63.1450004577637,1,55,20000,30,0,9.90348720550537,3025,4.14543390274048
12,63.6629981994629,1,31,30000,0,0,10.308952331543,961,4.15360355377197
12,63.0880012512207,1,57,30000,0,0,10.308952331543,3249,4.14453077316284
13.5,63.7439994812012,0,54,30000,0,0,10.308952331543,2916,4.1548752784729
16,63.9889984130859,0,24,20000,25,0,9.90348720550537,576,4.15871095657349
13.5,63.6920013427734,1,33,12500,0,0,9.43348407745361,1089,4.15405893325806
16,62.8289985656738,1,49,30000,0,0,10.308952331543,2401,4.14041662216187
10,63.5480003356934,1,19,12500,0,0,9.43348407745361,361,4.15179538726807
16,62.5699996948242,1,50,8500,20,0,9.04782104492188,2500,4.13628578186035
18,62.8289985656738,1,58,30000,0,0,10.308952331543,3364,4.14041662216187
10,62.9729995727539,1,65,20000,0,0,9.90348720550537,4225,4.1427059173584
10,64.2350006103516,1,18,8500,0,0,9.04782104492188,324,4.16254806518555
12,63.2319984436035,1,31,30000,20,0,10.308952331543,961,4.14681053161621
12,62.8289985656738,1,34,20000,0,0,9.90348720550537,1156,4.14041662216187
12,63.4900016784668,1,55,30000,0,0,10.308952331543,3025,4.15088224411011
16,63.2599983215332,1,28,12500,0,0,9.43348407745361,784,4.14725303649902
12,62.5410003662109,1,65,8500,20,0,9.04782104492188,4225,4.13582229614258
8,63.9280014038086,0,68,5500,15,0,8.61250305175781,4624,4.15775728225708
13.5,62.8289985656738,1,29,30000,0,0,10.308952331543,841,4.14041662216187
12,62.6559982299805,0,29,20000,10,0,9.90348720550537,841,4.13765954971314
12,62.8580017089844,1,61,8500,0,0,9.04782104492188,3721,4.14087820053101
16,63.375,1,45,30000,0,0,10.308952331543,2025,4.14906930923462
15,63.318000793457,1,66,20000,0,0,9.90348720550537,4356,4.14816951751709
12,63.5480003356934,1,18,30000,0,0,10.308952331543,324,4.15179538726807
16,62.685001373291,1,44,30000,40,0,10.308952331543,1936,4.13812208175659
12,62.742000579834,1,41,20000,0,0,9.90348720550537,1681,4.13903093338013
6,62.8289985656738,1,31,8500,0,0,9.04782104492188,961,4.14041662216187
12,63.5769996643067,1,61,4500,40,0,8.41183280944824,3721,4.15225172042847
10,63.2319984436035,1,29,20000,0,0,9.90348720550537,841,4.14681053161621
13.5,62.5699996948242,1,70,3500,12,0,8.16051864624023,4900,4.13628578186035
6,63.6920013427734,1,49,5500,20,0,8.61250305175781,2401,4.15405893325806
16,62.8860015869141,0,35,20000,0,0,9.90348720550537,1225,4.14132356643677
12,63.2029991149902,1,28,20000,15,0,9.90348720550537,784,4.14635181427002
12,63.5480003356934,0,30,20000,0,0,9.90348720550537,900,4.15179538726807
13.5,63.9889984130859,0,23,12500,0,0,9.43348407745361,529,4.15871095657349
12,62.7709999084473,1,35,20000,0,0,9.90348720550537,1225,4.13949298858643
12,63.2599983215332,1,24,8500,0,0,9.04782104492188,576,4.14725303649902
16,63.6629981994629,0,22,30000,0,0,10.308952331543,484,4.15360355377197
10,63.6629981994629,1,49,30000,0,0,10.308952331543,2401,4.15360355377197
12,63.2319984436035,1,38,30000,30,0,10.308952331543,1444,4.14681053161621
12,56.173999786377,0,22,30000,0,1,10.308952331543,484,4.0284538269043
16,56.5099983215332,0,45,20000,0,1,9.90348720550537,2025,4.03441762924194
18,56.173999786377,0,39,30000,0,1,10.308952331543,1521,4.0284538269043
15,54.6300010681152,1,61,12500,0,1,9.43348407745361,3721,4.00058317184448
12,54.7639999389649,1,19,30000,0,1,10.308952331543,361,4.00303316116333
18,56.173999786377,1,36,20000,0,1,9.90348720550537,1296,4.0284538269043
10,54.7639999389649,1,21,30000,0,1,10.308952331543,441,4.00303316116333
16,54.6300010681152,1,38,30000,0,1,10.308952331543,1444,4.00058317184448
12,46.931999206543,1,39,30000,0,0,10.308952331543,1521,3.84869980812073
18,47.0349998474121,1,29,20000,0,0,9.90348720550537,841,3.85089206695557
13.5,48.7980003356934,1,44,30000,0,0,10.308952331543,1936,3.88768935203552
12,46.310001373291,1,46,30000,10,0,10.308952331543,2116,3.8353579044342
13.5,47.6570014953613,1,26,30000,0,0,10.308952331543,676,3.8640296459198
13.5,48.0709991455078,1,30,20000,0,0,9.90348720550537,900,3.87267899513245
12,47.3460006713867,1,47,20000,40,0,9.90348720550537,2209,3.85748243331909
6,48.5449981689453,1,64,20000,0,0,9.90348720550537,4096,3.88249111175537
12,47.5009994506836,1,18,20000,5,0,9.90348720550537,324,3.86075067520142
12,47.3460006713867,1,37,12500,20,0,9.43348407745361,1369,3.85748243331909
10,47.6049995422363,0,67,12500,0,0,9.43348407745361,4489,3.86293768882751
10,47.8120002746582,1,29,20000,20,0,9.90348720550537,841,3.86727666854858
18,46.4659996032715,1,60,30000,5,0,10.308952331543,3600,3.83872079849243
12,46.7760009765625,1,39,20000,0,0,9.90348720550537,1521,3.84537029266357
13.5,46.310001373291,1,59,20000,15,0,9.90348720550537,3481,3.8353579044342
6,46.5180015563965,1,75,1500,0,0,7.31322050094605,5625,3.83983945846558
12,48.5449981689453,1,19,30000,15,0,10.308952331543,361,3.88249111175537
13.5,63.4500007629395,1,27,20000,6,0,9.90348720550537,729,4.15025234222412
13.5,62.2270011901856,1,62,20000,0,0,9.90348720550537,3844,4.13078880310059
12,63.1129989624024,1,63,30000,20,0,10.308952331543,3969,4.14492654800415
12,63.4080009460449,1,60,30000,0,0,10.308952331543,3600,4.14959001541138
12,62.8600006103516,1,46,30000,20,0,10.308952331543,2116,4.14091014862061
12,62.2270011901856,1,28,6500,0,0,8.77955722808838,784,4.13078880310059
13.5,62.2270011901856,1,20,20000,15,0,9.90348720550537,400,4.13078880310059
12,63.3660011291504,1,50,20000,0,0,9.90348720550537,2500,4.14892768859863
15,62.0999984741211,1,43,30000,0,0,10.308952331543,1849,4.12874603271484
12,63.3660011291504,1,45,30000,55,0,10.308952331543,2025,4.14892768859863
12,63.2820014953613,1,62,6500,0,0,8.77955722808838,3844,4.14760112762451
6,63.2820014953613,1,70,4500,12,0,8.41183280944824,4900,4.14760112762451
12,64.161003112793,1,58,12500,0,0,9.43348407745361,3364,4.16139554977417
12,64.1070022583008,1,21,30000,0,0,10.308952331543,441,4.16055345535278
13.5,63.0279998779297,1,27,1500,0,0,7.31322050094605,729,4.14357900619507
18,64.213996887207,1,47,30000,0,0,10.308952331543,2209,4.16222143173218
10,63.9990005493164,1,68,12500,0,0,9.43348407745361,4624,4.15886735916138
10,63.2820014953613,1,17,30000,2,0,10.308952331543,289,4.14760112762451
16,62.2270011901856,1,35,20000,0,0,9.90348720550537,1225,4.13078880310059
12,62.6910018920898,1,37,30000,0,0,10.308952331543,1369,4.13821792602539
16,63.8380012512207,1,30,20000,20,0,9.90348720550537,900,4.15634870529175
10,63.4080009460449,1,19,30000,0,0,10.308952331543,361,4.14959001541138
12,63.4930000305176,1,54,12500,30,0,9.43348407745361,2916,4.15092945098877
12,63.8380012512207,1,41,30000,10,0,10.308952331543,1681,4.15634870529175
12,62.2270011901856,1,34,30000,0,0,10.308952331543,1156,4.13078880310059
13.5,62.6910018920898,1,28,6500,20,0,8.77955722808838,784,4.13821792602539
13.5,62.185001373291,1,26,20000,30,0,9.90348720550537,676,4.13011360168457
12,62.4799995422363,1,18,30000,0,0,10.308952331543,324,4.13484668731689
12,62.8680000305176,1,19,20000,0,0,9.90348720550537,361,4.14103746414185
6,61.2509994506836,1,29,20000,0,0,9.90348720550537,841,4.11498022079468
8,59.9879989624024,1,60,12500,15,0,9.43348407745361,3600,4.09414434432983
18,61.3930015563965,1,50,20000,0,0,9.90348720550537,2500,4.11729574203491
12,60.7070007324219,1,52,20000,40,0,9.90348720550537,2704,4.10605907440186
15,61.2509994506836,1,22,30000,5,0,10.308952331543,484,4.11498022079468
10,60.0359992980957,1,38,20000,40,0,9.90348720550537,1444,4.0949444770813
10,60.2270011901856,1,63,12500,0,0,9.43348407745361,3969,4.09812068939209
16,60.9949989318848,1,23,12500,0,0,9.43348407745361,529,4.11079168319702
18,61.818000793457,0,52,30000,20,0,10.308952331543,2704,4.1241946220398
18,61.6759986877441,1,31,12500,0,0,9.43348407745361,961,4.12189483642578
16,60.7070007324219,1,30,20000,0,0,9.90348720550537,900,4.10605907440186
10,59.9879989624024,1,18,20000,0,0,9.90348720550537,324,4.09414434432983
10,59.6520004272461,1,47,30000,20,0,10.308952331543,2209,4.08852767944336
